FITTING RMS SUMMARY
# GENERATED AT:30-Jul-2018 06:58:12
---
rms_j1_circle: 0.000078
rms_j2_circle: 0.000296
small_sphere_origins_line_rms: 0.000047
rms_Small_Spheres_vec(1): 0.000111
rms_Small_Spheres_vec(2): 0.000121
rms_Small_Spheres_vec(3): 0.000126
rms_Small_Spheres_vec(4): 0.000174
