FITTING RMS SUMMARY
# GENERATED AT:05-Aug-2018 20:45:26
---
rms_j1_circle: 0.000092
rms_j2_circle: 0.000189
small_sphere_origins_line_rms: 0.000027
rms_Small_Spheres_vec(1): 0.000105
rms_Small_Spheres_vec(2): 0.000107
rms_Small_Spheres_vec(3): 0.000118
rms_Small_Spheres_vec(4): 0.000153
