FITTING RMS SUMMARY
# GENERATED AT:27-Aug-2018 01:56:21
---
rms_j1_circle: 0.000101
rms_j2_circle: 0.000184
small_sphere_origins_line_rms: 0.000084
rms_Small_Spheres_vec(1): 0.000167
rms_Small_Spheres_vec(2): 0.000168
rms_Small_Spheres_vec(3): 0.000187
rms_Small_Spheres_vec(4): 0.000223
