FITTING RMS SUMMARY
# GENERATED AT:06-Aug-2018 10:39:14
---
rms_j1_circle: 0.000154
rms_j2_circle: 0.000074
small_sphere_origins_line_rms: 0.000055
rms_Small_Spheres_vec(1): 0.000127
rms_Small_Spheres_vec(2): 0.000129
rms_Small_Spheres_vec(3): 0.000145
rms_Small_Spheres_vec(4): 0.000158
