DH FRAMES INFORMATION
---
affine_base_wrt_polaris: 
-0.035391 -0.039689 -0.998585 0.032181 
-0.986152 0.163387 0.028456 0.012928 
0.162026 0.985763 -0.044922 -0.714647 
0.000000 0.000000 0.000000 1.000000 

DH FRAMES INFORMATION
---
affine_base_wrt_polaris: 
-0.033222 -0.042715 -0.998535 0.037269 
-0.998603 -0.039652 0.034920 -0.006448 
-0.041086 0.998300 -0.041338 -0.824524 
0.000000 0.000000 0.000000 1.000000 

DH FRAMES INFORMATION
---
affine_base_wrt_polaris: 
-0.022679 -0.041426 -0.998884 0.032774 
-0.993085 -0.114182 0.027282 0.024037 
-0.115185 0.992596 -0.038550 -0.746593 
0.000000 0.000000 0.000000 1.000000 

DH FRAMES INFORMATION
---
affine_base_wrt_polaris: 
-0.021552 -0.042586 -0.998860 0.032855 
-0.993171 -0.113668 0.026275 0.023953 
-0.114657 0.992606 -0.039846 -0.746757 
0.000000 0.000000 0.000000 1.000000 

DH FRAMES INFORMATION
---
affine_base_wrt_polaris: 
-0.028242 -0.000354 -0.999601 0.028722 
-0.998458 0.047827 0.028193 0.018533 
0.047798 0.998856 -0.001704 -0.722657 
0.000000 0.000000 0.000000 1.000000 

DH FRAMES INFORMATION
---
affine_base_wrt_polaris: 
-0.034812 -0.003285 -0.999388 -0.014344 
-0.999050 -0.026108 0.034886 0.003576 
-0.026207 0.999654 -0.002373 -0.749393 
0.000000 0.000000 0.000000 1.000000 
