FITTING RMS SUMMARY
# GENERATED AT:27-Aug-2018 01:47:47
---
rms_j1_circle: 0.000141
rms_j2_circle: 0.000184
small_sphere_origins_line_rms: 0.000079
rms_Small_Spheres_vec(1): 0.000147
rms_Small_Spheres_vec(2): 0.000177
rms_Small_Spheres_vec(3): 0.000148
rms_Small_Spheres_vec(4): 0.000136
