FITTING RMS SUMMARY
# GENERATED AT:27-Aug-2018 01:56:45
---
rms_j1_circle: 0.000108
rms_j2_circle: 0.000199
small_sphere_origins_line_rms: 0.000036
rms_Small_Spheres_vec(1): 0.000180
rms_Small_Spheres_vec(2): 0.000174
rms_Small_Spheres_vec(3): 0.000185
rms_Small_Spheres_vec(4): 0.000213
