FITTING RMS SUMMARY
# GENERATED AT:09-Aug-2018 19:30:23
---
rms_j1_circle: 0.000065
rms_j2_circle: 0.000191
small_sphere_origins_line_rms: 0.000023
rms_Small_Spheres_vec(1): 0.000143
rms_Small_Spheres_vec(2): 0.000174
rms_Small_Spheres_vec(3): 0.000209
rms_Small_Spheres_vec(4): 0.000259
