FITTING RMS SUMMARY
# GENERATED AT:09-Aug-2018 16:26:56
---
rms_j1_circle: 0.000061
rms_j2_circle: 0.000186
small_sphere_origins_line_rms: 0.000020
rms_Small_Spheres_vec(1): 0.000140
rms_Small_Spheres_vec(2): 0.000161
rms_Small_Spheres_vec(3): 0.000192
rms_Small_Spheres_vec(4): 0.000240
