FITTING RMS SUMMARY
# GENERATED AT:13-Nov-2018 02:10:12
---
rms_j1_circle: 0.000091
rms_j2_circle: 0.000195
rms_j5_circle: 0.000213
rms_j6_circle: 0.000145
small_sphere_origins_line_rms: 0.000018
rms_Small_Spheres_vec(1): 0.000156
rms_Small_Spheres_vec(2): 0.000183
rms_Small_Spheres_vec(3): 0.000182
rms_Small_Spheres_vec(4): 0.000196
