FITTING RMS SUMMARY
# GENERATED AT:30-Jul-2018 05:40:33
---
rms_j1_circle: 0.000090
rms_j2_circle: 0.000258
small_sphere_origins_line_rms: 0.000023
rms_Small_Spheres_vec(1): 0.000111
rms_Small_Spheres_vec(2): 0.000117
rms_Small_Spheres_vec(3): 0.000122
rms_Small_Spheres_vec(4): 0.000162
