FITTING RMS SUMMARY
# GENERATED AT:13-Aug-2018 17:06:57
---
rms_j1_circle: 0.000104
rms_j2_circle: 0.000201
small_sphere_origins_line_rms: 0.000051
rms_Small_Spheres_vec(1): 0.000128
rms_Small_Spheres_vec(2): 0.000143
rms_Small_Spheres_vec(3): 0.000148
rms_Small_Spheres_vec(4): 0.000186
