FITTING RMS SUMMARY
# GENERATED AT:30-Jul-2018 03:27:24
---
rms_j1_circle: 0.000098
rms_j2_circle: 0.000205
small_sphere_origins_line_rms: 0.000023
rms_Small_Spheres_vec(1): 0.000093
rms_Small_Spheres_vec(2): 0.000092
rms_Small_Spheres_vec(3): 0.000093
rms_Small_Spheres_vec(4): 0.000115
