FITTING RMS SUMMARY
# GENERATED AT:05-Aug-2018 22:07:58
---
rms_j1_circle: 0.000109
rms_j2_circle: 0.000098
small_sphere_origins_line_rms: 0.000059
rms_Small_Spheres_vec(1): 0.000135
rms_Small_Spheres_vec(2): 0.000131
rms_Small_Spheres_vec(3): 0.000130
rms_Small_Spheres_vec(4): 0.000131
