FITTING RMS SUMMARY
# GENERATED AT:05-Aug-2018 21:46:12
---
rms_j1_circle: 0.000093
rms_j2_circle: 0.000183
small_sphere_origins_line_rms: 0.000036
rms_Small_Spheres_vec(1): 0.000107
rms_Small_Spheres_vec(2): 0.000117
rms_Small_Spheres_vec(3): 0.000119
rms_Small_Spheres_vec(4): 0.000153
