row_pts_rms_vec =

   1.0e-03 *

    0.0824
    0.0421
    0.0483
    0.0524
    0.0565
    0.0792
    0.0698
    0.0550
    0.0617
    0.0381
    0.0589
    0.0559
    0.0713
    0.0795
    0.0705
    0.0818
    0.0651
    0.0653
    0.0701
    0.0891
    0.0875
    0.0516
    0.0653
    0.0634
    0.0597
    0.0725
    0.0906
    0.0918
    0.0365
    0.0522
    0.0382
    0.0387
    0.0242
    0.0786
    0.0713
    0.1084
    0.1051
    0.1316
    0.1222
    0.3036
    0.2104
    0.1223
    0.1007
    0.1092
    0.1010
    0.1203
    0.0897
    0.1183
    0.0973
