FITTING RMS SUMMARY
# GENERATED AT:13-Oct-2018 15:56:34
---
rms_j1_circle: 0.000103
rms_j2_circle: 0.000167
small_sphere_origins_line_rms: 0.000050
rms_Small_Spheres_vec(1): 0.000130
rms_Small_Spheres_vec(2): 0.000119
rms_Small_Spheres_vec(3): 0.000121
rms_Small_Spheres_vec(4): 0.000157
