FITTING RMS SUMMARY
# GENERATED AT:26-Jul-2018 15:52:44
---
rms_j1_circle: 0.000093
rms_j2_circle: 0.000144
small_sphere_origins_line_rms: 0.000027
rms_Small_Spheres_vec(1): 0.000115
rms_Small_Spheres_vec(2): 0.000123
rms_Small_Spheres_vec(3): 0.000138
rms_Small_Spheres_vec(4): 0.000150
