20/02/18
affine_Mg_wrt_portal_0 =

   -0.0020   -0.9991    0.0416   -0.0062
    1.0000   -0.0017    0.0067   -0.3416
   -0.0066    0.0416    0.9991   -0.1538
         0         0         0    1.0000
21/02/18
affine_Mg_wrt_portal_0 =

   -0.0018   -0.9991    0.0430   -0.0061
    1.0000   -0.0017    0.0037   -0.3418
   -0.0037    0.0430    0.9991   -0.1535
         0         0         0    1.0000

