FITTING RMS SUMMARY
# GENERATED AT:05-Aug-2018 20:45:55
---
rms_j1_circle: 0.000095
rms_j2_circle: 0.000179
small_sphere_origins_line_rms: 0.000049
rms_Small_Spheres_vec(1): 0.000097
rms_Small_Spheres_vec(2): 0.000102
rms_Small_Spheres_vec(3): 0.000098
rms_Small_Spheres_vec(4): 0.000113
