FITTING RMS SUMMARY
# GENERATED AT:30-Jul-2018 04:32:49
---
rms_j1_circle: 0.000093
rms_j2_circle: 0.000192
small_sphere_origins_line_rms: 0.000029
rms_Small_Spheres_vec(1): 0.000105
rms_Small_Spheres_vec(2): 0.000106
rms_Small_Spheres_vec(3): 0.000116
rms_Small_Spheres_vec(4): 0.000150
