FITTING RMS SUMMARY
# GENERATED AT:01-Aug-2018 07:32:43
---
rms_j1_circle: 0.000000
rms_j2_circle: 0.000000
small_sphere_origins_line_rms: 0.000000
rms_Small_Spheres_vec(1): 0.000000
rms_Small_Spheres_vec(2): 0.000000
rms_Small_Spheres_vec(3): 0.000000
rms_Small_Spheres_vec(4): 0.000000
