FITTING RMS SUMMARY
# GENERATED AT:05-Aug-2018 20:47:48
---
rms_j1_circle: 0.000090
rms_j2_circle: 0.000251
small_sphere_origins_line_rms: 0.000022
rms_Small_Spheres_vec(1): 0.000116
rms_Small_Spheres_vec(2): 0.000129
rms_Small_Spheres_vec(3): 0.000128
rms_Small_Spheres_vec(4): 0.000164
