FITTING RMS SUMMARY
# GENERATED AT:30-Jul-2018 05:21:16
---
rms_j1_circle: 0.000096
rms_j2_circle: 0.000181
small_sphere_origins_line_rms: 0.000049
rms_Small_Spheres_vec(1): 0.000097
rms_Small_Spheres_vec(2): 0.000102
rms_Small_Spheres_vec(3): 0.000098
rms_Small_Spheres_vec(4): 0.000113
