FITTING RMS SUMMARY
# GENERATED AT:05-Aug-2018 20:46:43
---
rms_j1_circle: 0.000062
rms_j2_circle: 0.000253
small_sphere_origins_line_rms: 0.000074
rms_Small_Spheres_vec(1): 0.000053
rms_Small_Spheres_vec(2): 0.000059
rms_Small_Spheres_vec(3): 0.000071
rms_Small_Spheres_vec(4): 0.000073
