FITTING RMS SUMMARY
# GENERATED AT:13-Aug-2018 16:45:30
---
rms_j1_circle: 0.000101
rms_j2_circle: 0.000177
small_sphere_origins_line_rms: 0.000039
rms_Small_Spheres_vec(1): 0.000135
rms_Small_Spheres_vec(2): 0.000149
rms_Small_Spheres_vec(3): 0.000163
rms_Small_Spheres_vec(4): 0.000197
