FITTING RMS SUMMARY
# GENERATED AT:05-Aug-2018 20:44:34
---
rms_j1_circle: 0.000098
rms_j2_circle: 0.000209
small_sphere_origins_line_rms: 0.000023
rms_Small_Spheres_vec(1): 0.000093
rms_Small_Spheres_vec(2): 0.000092
rms_Small_Spheres_vec(3): 0.000093
rms_Small_Spheres_vec(4): 0.000115
