FITTING RMS SUMMARY
# GENERATED AT:05-Aug-2018 20:46:14
---
rms_j1_circle: 0.000067
rms_j2_circle: 0.000213
small_sphere_origins_line_rms: 0.000035
rms_Small_Spheres_vec(1): 0.000064
rms_Small_Spheres_vec(2): 0.000075
rms_Small_Spheres_vec(3): 0.000080
rms_Small_Spheres_vec(4): 0.000090
