FITTING RMS SUMMARY
# GENERATED AT:30-Jul-2018 05:20:24
---
rms_j1_circle: 0.000088
rms_j2_circle: 0.000217
small_sphere_origins_line_rms: 0.000033
rms_Small_Spheres_vec(1): 0.000112
rms_Small_Spheres_vec(2): 0.000103
rms_Small_Spheres_vec(3): 0.000112
rms_Small_Spheres_vec(4): 0.000148
