FITTING RMS SUMMARY
# GENERATED AT:01-Aug-2018 07:33:28
---
rms_j1_circle: 0.000104
rms_j2_circle: 0.000226
small_sphere_origins_line_rms: 0.000052
rms_Small_Spheres_vec(1): 0.000134
rms_Small_Spheres_vec(2): 0.000147
rms_Small_Spheres_vec(3): 0.000156
rms_Small_Spheres_vec(4): 0.000191
