FITTING RMS SUMMARY
# GENERATED AT:26-Jul-2018 23:52:29
---
rms_j1_circle: 0.000115
rms_j2_circle: 0.000141
small_sphere_origins_line_rms: 0.000054
rms_Small_Spheres_vec(1): 0.000091
rms_Small_Spheres_vec(2): 0.000099
rms_Small_Spheres_vec(3): 0.000091
rms_Small_Spheres_vec(4): 0.000108
