FITTING RMS SUMMARY
# GENERATED AT:05-Aug-2018 20:47:06
---
rms_j1_circle: 0.000088
rms_j2_circle: 0.000214
small_sphere_origins_line_rms: 0.000030
rms_Small_Spheres_vec(1): 0.000121
rms_Small_Spheres_vec(2): 0.000118
rms_Small_Spheres_vec(3): 0.000126
rms_Small_Spheres_vec(4): 0.000159
