FITTING RMS SUMMARY
# GENERATED AT:16-Aug-2018 02:47:40
---
rms_j1_circle: 0.000095
rms_j2_circle: 0.000188
small_sphere_origins_line_rms: 0.000015
rms_Small_Spheres_vec(1): 0.000136
rms_Small_Spheres_vec(2): 0.000143
rms_Small_Spheres_vec(3): 0.000153
rms_Small_Spheres_vec(4): 0.000196
