FITTING RMS SUMMARY
# GENERATED AT:06-Aug-2018 07:52:27
---
rms_j1_circle: 0.000109
rms_j2_circle: 0.000080
small_sphere_origins_line_rms: 0.000058
rms_Small_Spheres_vec(1): 0.000141
rms_Small_Spheres_vec(2): 0.000131
rms_Small_Spheres_vec(3): 0.000133
rms_Small_Spheres_vec(4): 0.000132
