FITTING RMS SUMMARY
# GENERATED AT:27-Aug-2018 01:57:10
---
rms_j1_circle: 0.000100
rms_j2_circle: 0.000195
small_sphere_origins_line_rms: 0.000156
rms_Small_Spheres_vec(1): 0.000736
rms_Small_Spheres_vec(2): 0.000108
rms_Small_Spheres_vec(3): 0.000119
rms_Small_Spheres_vec(4): 0.000150
