FITTING RMS SUMMARY
# GENERATED AT:16-Oct-2018 20:26:29
---
rms_j1_circle: 0.000103
rms_j2_circle: 0.000210
small_sphere_origins_line_rms: 0.000029
rms_Small_Spheres_vec(1): 0.000122
rms_Small_Spheres_vec(2): 0.000121
rms_Small_Spheres_vec(3): 0.000129
rms_Small_Spheres_vec(4): 0.000154
