FITTING RMS SUMMARY
# GENERATED AT:18-Nov-2018 21:42:12
---
rms_j1_circle: 0.000105
rms_j2_circle: 0.000184
rms_j5_circle: 0.000138
rms_j6_circle: 0.000143
small_sphere_origins_line_rms: 0.000043
rms_Small_Spheres_vec(1): 0.000119
rms_Small_Spheres_vec(2): 0.000125
rms_Small_Spheres_vec(3): 0.000126
rms_Small_Spheres_vec(4): 0.000149
