FITTING RMS SUMMARY
# GENERATED AT:03-Aug-2018 19:43:22
---
rms_j1_circle: 0.000093
rms_j2_circle: 0.000204
small_sphere_origins_line_rms: 0.000060
rms_Small_Spheres_vec(1): 0.000138
rms_Small_Spheres_vec(2): 0.000147
rms_Small_Spheres_vec(3): 0.000155
rms_Small_Spheres_vec(4): 0.000188
