FITTING RMS SUMMARY
# GENERATED AT:26-Jul-2018 20:50:37
---
rms_j1_circle: 0.000086
rms_j2_circle: 0.000181
small_sphere_origins_line_rms: 0.000059
rms_Small_Spheres_vec(1): 0.000085
rms_Small_Spheres_vec(2): 0.000097
rms_Small_Spheres_vec(3): 0.000071
rms_Small_Spheres_vec(4): 0.000073
