FITTING RMS SUMMARY
# GENERATED AT:05-Aug-2018 20:44:14
---
rms_j1_circle: 0.000101
rms_j2_circle: 0.000245
small_sphere_origins_line_rms: 0.000045
rms_Small_Spheres_vec(1): 0.000083
rms_Small_Spheres_vec(2): 0.000083
rms_Small_Spheres_vec(3): 0.000071
rms_Small_Spheres_vec(4): 0.000074
