FITTING RMS SUMMARY
# GENERATED AT:30-Jul-2018 02:39:09
---
rms_j1_circle: 0.000092
rms_j2_circle: 0.000184
small_sphere_origins_line_rms: 0.000021
rms_Small_Spheres_vec(1): 0.000113
rms_Small_Spheres_vec(2): 0.000112
rms_Small_Spheres_vec(3): 0.000126
rms_Small_Spheres_vec(4): 0.000167
